Air Mass 1.5 Global tilt solar spectrum data, taken from https://www.nrel.gov/grid/solar-resource/assets/data/astmg173.xls
By using the AM1.5G solar spectrum data, you agree to the NREL data disclaimer: https://www.nrel.gov/disclaimer.html
280.0   4.7309E-23
280.5   1.2307E-21
281.0   5.6895E-21
281.5   1.5662E-19
282.0   1.1946E-18
282.5   4.5436E-18
283.0   1.8452E-17
283.5   3.5360E-17
284.0   7.2670E-16
284.5   2.4856E-15
285.0   8.0142E-15
285.5   4.2613E-14
286.0   1.3684E-13
286.5   8.3823E-13
287.0   2.7367E-12
287.5   1.0903E-11
288.0   6.2337E-11
288.5   1.7162E-10
289.0   5.6265E-10
289.5   2.0749E-09
290.0   6.0168E-09
290.5   1.3783E-08
291.0   3.5052E-08
291.5   1.0913E-07
292.0   2.6830E-07
292.5   4.2685E-07
293.0   8.6466E-07
293.5   2.2707E-06
294.0   4.1744E-06
294.5   6.5911E-06
295.0   1.2290E-05
295.5   2.7826E-05
296.0   4.7904E-05
296.5   7.1345E-05
297.0   9.6800E-05
297.5   1.8608E-04
298.0   2.8988E-04
298.5   3.5789E-04
299.0   4.9211E-04
299.5   8.6068E-04
300.0   1.0205E-03
300.5   1.2450E-03
301.0   1.9300E-03
301.5   2.6914E-03
302.0   2.9209E-03
302.5   4.2840E-03
303.0   7.0945E-03
303.5   8.9795E-03
304.0   9.4701E-03
304.5   1.1953E-02
305.0   1.6463E-02
305.5   1.8719E-02
306.0   1.8577E-02
306.5   2.1108E-02
307.0   2.7849E-02
307.5   3.5635E-02
308.0   3.7837E-02
308.5   4.1430E-02
309.0   4.0534E-02
309.5   4.3306E-02
310.0   5.0939E-02
310.5   6.5540E-02
311.0   8.2922E-02
311.5   8.4080E-02
312.0   9.3376E-02
312.5   9.8984E-02
313.0   1.0733E-01
313.5   1.0757E-01
314.0   1.1969E-01
314.5   1.3060E-01
315.0   1.3625E-01
315.5   1.1838E-01
316.0   1.2348E-01
316.5   1.5036E-01
317.0   1.7158E-01
317.5   1.8245E-01
318.0   1.7594E-01
318.5   1.8591E-01
319.0   2.0470E-01
319.5   1.9589E-01
320.0   2.0527E-01
320.5   2.4525E-01
321.0   2.5024E-01
321.5   2.3843E-01
322.0   2.2203E-01
322.5   2.1709E-01
323.0   2.1226E-01
323.5   2.4861E-01
324.0   2.7537E-01
324.5   2.8321E-01
325.0   2.7894E-01
325.5   3.2436E-01
326.0   3.8120E-01
326.5   4.0722E-01
327.0   3.9806E-01
327.5   3.8465E-01
328.0   3.5116E-01
328.5   3.7164E-01
329.0   4.2235E-01
329.5   4.6878E-01
330.0   4.7139E-01
330.5   4.2800E-01
331.0   4.0262E-01
331.5   4.1806E-01
332.0   4.3623E-01
332.5   4.3919E-01
333.0   4.2944E-01
333.5   4.0724E-01
334.0   4.1497E-01
334.5   4.4509E-01
335.0   4.6388E-01
335.5   4.5313E-01
336.0   4.1519E-01
336.5   3.8214E-01
337.0   3.7380E-01
337.5   4.0051E-01
338.0   4.3411E-01
338.5   4.5527E-01
339.0   4.6355E-01
339.5   4.7446E-01
340.0   5.0180E-01
340.5   5.0071E-01
341.0   4.7139E-01
341.5   4.6935E-01
342.0   4.8934E-01
342.5   5.0767E-01
343.0   5.1489E-01
343.5   4.8609E-01
344.0   4.1843E-01
344.5   4.0307E-01
345.0   4.5898E-01
345.5   4.8932E-01
346.0   4.7778E-01
346.5   4.8657E-01
347.0   4.9404E-01
347.5   4.7674E-01
348.0   4.7511E-01
348.5   4.8336E-01
349.0   4.6564E-01
349.5   4.7805E-01
350.0   5.2798E-01
350.5   5.6741E-01
351.0   5.5172E-01
351.5   5.3022E-01
352.0   5.1791E-01
352.5   4.8962E-01
353.0   5.2040E-01
353.5   5.7228E-01
354.0   6.0498E-01
354.5   6.1156E-01
355.0   6.1140E-01
355.5   5.9028E-01
356.0   5.5387E-01
356.5   5.1942E-01
357.0   4.5673E-01
357.5   4.6215E-01
358.0   4.3006E-01
358.5   3.9926E-01
359.0   4.6953E-01
359.5   5.6549E-01
360.0   5.9817E-01
360.5   5.6531E-01
361.0   5.2024E-01
361.5   5.0956E-01
362.0   5.3420E-01
362.5   5.8510E-01
363.0   6.0191E-01
363.5   5.8541E-01
364.0   6.0628E-01
364.5   6.0058E-01
365.0   6.2359E-01
365.5   6.8628E-01
366.0   7.3532E-01
366.5   7.3658E-01
367.0   7.2285E-01
367.5   7.0914E-01
368.0   6.6759E-01
368.5   6.6310E-01
369.0   6.9315E-01
369.5   7.4469E-01
370.0   7.5507E-01
370.5   6.8261E-01
371.0   6.9338E-01
371.5   7.2051E-01
372.0   6.7444E-01
372.5   6.4253E-01
373.0   6.1886E-01
373.5   5.5786E-01
374.0   5.5640E-01
374.5   5.5227E-01
375.0   5.8930E-01
375.5   6.5162E-01
376.0   6.7480E-01
376.5   6.6390E-01
377.0   7.1225E-01
377.5   7.9455E-01
378.0   8.5595E-01
378.5   8.3418E-01
379.0   7.4389E-01
379.5   6.6683E-01
380.0   7.0077E-01
380.5   7.5075E-01
381.0   7.6383E-01
381.5   6.8837E-01
382.0   5.8678E-01
382.5   5.0762E-01
383.0   4.5499E-01
383.5   4.4049E-01
384.0   5.0968E-01
384.5   6.1359E-01
385.0   6.7355E-01
385.5   6.4363E-01
386.0   6.2100E-01
386.5   6.4570E-01
387.0   6.5147E-01
387.5   6.4204E-01
388.0   6.3582E-01
388.5   6.3136E-01
389.0   6.8543E-01
389.5   7.5970E-01
390.0   7.9699E-01
390.5   8.0371E-01
391.0   8.5138E-01
391.5   8.6344E-01
392.0   7.9493E-01
392.5   6.6257E-01
393.0   4.7975E-01
393.5   3.8152E-01
394.0   4.9567E-01
394.5   6.8385E-01
395.0   8.0772E-01
395.5   8.6038E-01
396.0   7.5655E-01
396.5   5.5017E-01
397.0   4.2619E-01
397.5   6.2945E-01
398.0   8.5249E-01
398.5   1.0069E+00
399.0   1.0693E+00
399.5   1.1021E+00
400.0   1.1141E+00
401.0   1.1603E+00
402.0   1.2061E+00
403.0   1.1613E+00
404.0   1.1801E+00
405.0   1.1511E+00
406.0   1.1227E+00
407.0   1.1026E+00
408.0   1.1514E+00
409.0   1.2299E+00
410.0   1.0485E+00
411.0   1.1738E+00
412.0   1.2478E+00
413.0   1.1971E+00
414.0   1.1842E+00
415.0   1.2258E+00
416.0   1.2624E+00
417.0   1.2312E+00
418.0   1.1777E+00
419.0   1.2258E+00
420.0   1.1232E+00
421.0   1.2757E+00
422.0   1.2583E+00
423.0   1.2184E+00
424.0   1.2117E+00
425.0   1.2488E+00
426.0   1.2135E+00
427.0   1.1724E+00
428.0   1.1839E+00
429.0   1.0963E+00
430.0   8.7462E-01
431.0   7.9394E-01
432.0   1.3207E+00
433.0   1.2288E+00
434.0   1.1352E+00
435.0   1.2452E+00
436.0   1.3659E+00
437.0   1.3943E+00
438.0   1.2238E+00
439.0   1.1775E+00
440.0   1.3499E+00
441.0   1.3313E+00
442.0   1.4250E+00
443.0   1.4453E+00
444.0   1.4084E+00
445.0   1.4619E+00
446.0   1.3108E+00
447.0   1.4903E+00
448.0   1.5081E+00
449.0   1.5045E+00
450.0   1.5595E+00
451.0   1.6173E+00
452.0   1.5482E+00
453.0   1.4297E+00
454.0   1.5335E+00
455.0   1.5224E+00
456.0   1.5724E+00
457.0   1.5854E+00
458.0   1.5514E+00
459.0   1.5391E+00
460.0   1.5291E+00
461.0   1.5827E+00
462.0   1.5975E+00
463.0   1.6031E+00
464.0   1.5544E+00
465.0   1.5350E+00
466.0   1.5673E+00
467.0   1.4973E+00
468.0   1.5619E+00
469.0   1.5682E+00
470.0   1.5077E+00
471.0   1.5331E+00
472.0   1.6126E+00
473.0   1.5499E+00
474.0   1.5671E+00
475.0   1.6185E+00
476.0   1.5631E+00
477.0   1.5724E+00
478.0   1.6230E+00
479.0   1.5916E+00
480.0   1.6181E+00
481.0   1.6177E+00
482.0   1.6236E+00
483.0   1.6038E+00
484.0   1.5734E+00
485.0   1.5683E+00
486.0   1.2716E+00
487.0   1.4241E+00
488.0   1.5413E+00
489.0   1.4519E+00
490.0   1.6224E+00
491.0   1.5595E+00
492.0   1.4869E+00
493.0   1.5903E+00
494.0   1.5525E+00
495.0   1.6485E+00
496.0   1.5676E+00
497.0   1.5944E+00
498.0   1.5509E+00
499.0   1.5507E+00
500.0   1.5451E+00
501.0   1.4978E+00
502.0   1.4966E+00
503.0   1.5653E+00
504.0   1.4587E+00
505.0   1.5635E+00
506.0   1.6264E+00
507.0   1.5560E+00
508.0   1.5165E+00
509.0   1.5893E+00
510.0   1.5481E+00
511.0   1.5769E+00
512.0   1.6186E+00
513.0   1.5206E+00
514.0   1.4885E+00
515.0   1.5314E+00
516.0   1.5455E+00
517.0   1.2594E+00
518.0   1.4403E+00
519.0   1.3957E+00
520.0   1.5236E+00
521.0   1.5346E+00
522.0   1.5690E+00
523.0   1.4789E+00
524.0   1.5905E+00
525.0   1.5781E+00
526.0   1.5341E+00
527.0   1.3417E+00
528.0   1.5357E+00
529.0   1.6071E+00
530.0   1.5446E+00
531.0   1.6292E+00
532.0   1.5998E+00
533.0   1.4286E+00
534.0   1.5302E+00
535.0   1.5535E+00
536.0   1.6199E+00
537.0   1.4989E+00
538.0   1.5738E+00
539.0   1.5352E+00
540.0   1.4825E+00
541.0   1.4251E+00
542.0   1.5511E+00
543.0   1.5256E+00
544.0   1.5792E+00
545.0   1.5435E+00
546.0   1.5291E+00
547.0   1.5490E+00
548.0   1.5049E+00
549.0   1.5520E+00
550.0   1.5399E+00
551.0   1.5382E+00
552.0   1.5697E+00
553.0   1.5250E+00
554.0   1.5549E+00
555.0   1.5634E+00
556.0   1.5366E+00
557.0   1.4988E+00
558.0   1.5310E+00
559.0   1.4483E+00
560.0   1.4740E+00
561.0   1.5595E+00
562.0   1.4847E+00
563.0   1.5408E+00
564.0   1.5106E+00
565.0   1.5201E+00
566.0   1.4374E+00
567.0   1.5320E+00
568.0   1.5180E+00
569.0   1.4807E+00
570.0   1.4816E+00
571.0   1.4331E+00
572.0   1.5134E+00
573.0   1.5198E+00
574.0   1.5119E+00
575.0   1.4777E+00
576.0   1.4654E+00
577.0   1.5023E+00
578.0   1.4560E+00
579.0   1.4770E+00
580.0   1.5020E+00
581.0   1.5089E+00
582.0   1.5320E+00
583.0   1.5479E+00
584.0   1.5448E+00
585.0   1.5324E+00
586.0   1.4953E+00
587.0   1.5281E+00
588.0   1.4934E+00
589.0   1.2894E+00
590.0   1.3709E+00
591.0   1.4662E+00
592.0   1.4354E+00
593.0   1.4561E+00
594.0   1.4491E+00
595.0   1.4308E+00
596.0   1.4745E+00
597.0   1.4788E+00
598.0   1.4607E+00
599.0   1.4606E+00
600.0   1.4753E+00
601.0   1.4579E+00
602.0   1.4360E+00
603.0   1.4664E+00
604.0   1.4921E+00
605.0   1.4895E+00
606.0   1.4822E+00
607.0   1.4911E+00
608.0   1.4862E+00
609.0   1.4749E+00
610.0   1.4686E+00
611.0   1.4611E+00
612.0   1.4831E+00
613.0   1.4621E+00
614.0   1.4176E+00
615.0   1.4697E+00
616.0   1.4310E+00
617.0   1.4128E+00
618.0   1.4664E+00
619.0   1.4733E+00
620.0   1.4739E+00
621.0   1.4802E+00
622.0   1.4269E+00
623.0   1.4165E+00
624.0   1.4118E+00
625.0   1.4026E+00
626.0   1.4012E+00
627.0   1.4417E+00
628.0   1.3631E+00
629.0   1.4114E+00
630.0   1.3924E+00
631.0   1.4161E+00
632.0   1.3638E+00
633.0   1.4508E+00
634.0   1.4284E+00
635.0   1.4458E+00
636.0   1.4128E+00
637.0   1.4610E+00
638.0   1.4707E+00
639.0   1.4646E+00
640.0   1.4340E+00
641.0   1.4348E+00
642.0   1.4376E+00
643.0   1.4525E+00
644.0   1.4462E+00
645.0   1.4567E+00
646.0   1.4150E+00
647.0   1.4086E+00
648.0   1.3952E+00
649.0   1.3519E+00
650.0   1.3594E+00
651.0   1.4447E+00
652.0   1.3871E+00
653.0   1.4311E+00
654.0   1.4153E+00
655.0   1.3499E+00
656.0   1.1851E+00
657.0   1.2393E+00
658.0   1.3855E+00
659.0   1.3905E+00
660.0   1.3992E+00
661.0   1.3933E+00
662.0   1.3819E+00
663.0   1.3844E+00
664.0   1.3967E+00
665.0   1.4214E+00
666.0   1.4203E+00
667.0   1.4102E+00
668.0   1.4150E+00
669.0   1.4394E+00
670.0   1.4196E+00
671.0   1.4169E+00
672.0   1.3972E+00
673.0   1.4094E+00
674.0   1.4074E+00
675.0   1.3958E+00
676.0   1.4120E+00
677.0   1.3991E+00
678.0   1.4066E+00
679.0   1.3947E+00
680.0   1.3969E+00
681.0   1.3915E+00
682.0   1.3981E+00
683.0   1.3830E+00
684.0   1.3739E+00
685.0   1.3748E+00
686.0   1.3438E+00
687.0   9.6824E-01
688.0   1.1206E+00
689.0   1.1278E+00
690.0   1.1821E+00
691.0   1.2333E+00
692.0   1.2689E+00
693.0   1.2609E+00
694.0   1.2464E+00
695.0   1.2714E+00
696.0   1.2684E+00
697.0   1.3403E+00
698.0   1.3192E+00
699.0   1.2918E+00
700.0   1.2823E+00
701.0   1.2659E+00
702.0   1.2674E+00
703.0   1.2747E+00
704.0   1.3078E+00
705.0   1.3214E+00
706.0   1.3144E+00
707.0   1.3090E+00
708.0   1.3048E+00
709.0   1.3095E+00
710.0   1.3175E+00
711.0   1.3155E+00
712.0   1.3071E+00
713.0   1.2918E+00
714.0   1.3029E+00
715.0   1.2587E+00
716.0   1.2716E+00
717.0   1.1071E+00
718.0   1.0296E+00
719.0   9.2318E-01
720.0   9.8550E-01
721.0   1.0861E+00
722.0   1.2407E+00
723.0   1.1444E+00
724.0   1.0555E+00
725.0   1.0380E+00
726.0   1.0813E+00
727.0   1.0850E+00
728.0   1.0400E+00
729.0   1.0466E+00
730.0   1.1285E+00
731.0   1.0703E+00
732.0   1.1534E+00
733.0   1.1962E+00
734.0   1.2357E+00
735.0   1.2178E+00
736.0   1.2059E+00
737.0   1.2039E+00
738.0   1.2269E+00
739.0   1.1905E+00
740.0   1.2195E+00
741.0   1.2148E+00
742.0   1.2153E+00
743.0   1.2405E+00
744.0   1.2503E+00
745.0   1.2497E+00
746.0   1.2470E+00
747.0   1.2477E+00
748.0   1.2401E+00
749.0   1.2357E+00
750.0   1.2341E+00
751.0   1.2286E+00
752.0   1.2330E+00
753.0   1.2266E+00
754.0   1.2420E+00
755.0   1.2383E+00
756.0   1.2232E+00
757.0   1.2221E+00
758.0   1.2295E+00
759.0   1.1945E+00
760.0   2.6604E-01
761.0   1.5396E-01
762.0   6.8766E-01
763.0   3.7952E-01
764.0   5.3878E-01
765.0   6.8601E-01
766.0   8.1461E-01
767.0   9.7417E-01
768.0   1.1138E+00
769.0   1.1278E+00
770.0   1.1608E+00
771.0   1.1686E+00
772.0   1.1778E+00
773.0   1.1771E+00
774.0   1.1771E+00
775.0   1.1771E+00
776.0   1.1798E+00
777.0   1.1727E+00
778.0   1.1713E+00
779.0   1.1765E+00
780.0   1.1636E+00
781.0   1.1607E+00
782.0   1.1662E+00
783.0   1.1614E+00
784.0   1.1536E+00
785.0   1.1586E+00
786.0   1.1592E+00
787.0   1.1450E+00
788.0   1.1305E+00
789.0   1.1257E+00
790.0   1.0910E+00
791.0   1.1058E+00
792.0   1.0953E+00
793.0   1.0875E+00
794.0   1.0972E+00
795.0   1.0932E+00
796.0   1.0742E+00
797.0   1.0913E+00
798.0   1.1121E+00
799.0   1.0905E+00
800.0   1.0725E+00
801.0   1.0843E+00
802.0   1.0856E+00
803.0   1.0657E+00
804.0   1.0782E+00
805.0   1.0545E+00
806.0   1.0974E+00
807.0   1.0859E+00
808.0   1.0821E+00
809.0   1.0548E+00
810.0   1.0559E+00
811.0   1.0533E+00
812.0   1.0268E+00
813.0   1.0086E+00
814.0   9.0356E-01
815.0   8.9523E-01
816.0   8.3216E-01
817.0   8.5183E-01
818.0   8.2259E-01
819.0   9.0519E-01
820.0   8.6188E-01
821.0   9.9764E-01
822.0   9.5157E-01
823.0   6.7271E-01
824.0   9.3506E-01
825.0   9.6935E-01
826.0   9.3381E-01
827.0   9.8465E-01
828.0   8.4979E-01
829.0   9.2930E-01
830.0   9.1601E-01
831.0   9.2392E-01
832.0   8.9426E-01
833.0   9.5650E-01
834.0   9.3412E-01
835.0   1.0032E+00
836.0   9.7234E-01
837.0   1.0092E+00
838.0   9.9901E-01
839.0   1.0013E+00
840.0   1.0157E+00
841.0   1.0101E+00
842.0   9.9703E-01
843.0   1.0053E+00
844.0   9.8631E-01
845.0   1.0165E+00
846.0   1.0187E+00
847.0   9.9170E-01
848.0   9.9217E-01
849.0   9.8596E-01
850.0   8.9372E-01
851.0   9.7493E-01
852.0   9.6927E-01
853.0   9.6486E-01
854.0   8.5112E-01
855.0   9.1300E-01
856.0   9.7317E-01
857.0   9.9166E-01
858.0   9.9196E-01
859.0   9.9171E-01
860.0   9.8816E-01
861.0   9.8679E-01
862.0   9.9449E-01
863.0   1.0005E+00
864.0   9.7916E-01
865.0   9.6324E-01
866.0   8.4900E-01
867.0   9.1546E-01
868.0   9.5920E-01
869.0   9.4956E-01
870.0   9.6755E-01
871.0   9.5387E-01
872.0   9.6686E-01
873.0   9.5721E-01
874.0   9.4042E-01
875.0   9.2687E-01
876.0   9.5277E-01
877.0   9.5615E-01
878.0   9.5237E-01
879.0   9.3656E-01
880.0   9.3957E-01
881.0   9.0861E-01
882.0   9.3245E-01
883.0   9.2927E-01
884.0   9.3305E-01
885.0   9.4423E-01
886.0   9.0752E-01
887.0   9.1062E-01
888.0   9.2228E-01
889.0   9.3455E-01
890.0   9.2393E-01
891.0   9.2584E-01
892.0   9.0881E-01
893.0   8.7327E-01
894.0   8.5130E-01
895.0   8.1357E-01
896.0   7.6253E-01
897.0   6.6566E-01
898.0   7.1780E-01
899.0   5.4871E-01
900.0   7.4260E-01
901.0   5.9933E-01
902.0   6.6791E-01
903.0   6.8889E-01
904.0   8.4457E-01
905.0   8.1709E-01
906.0   7.7558E-01
907.0   6.3854E-01
908.0   6.5217E-01
909.0   7.0431E-01
910.0   6.2467E-01
911.0   6.6808E-01
912.0   6.8893E-01
913.0   6.2834E-01
914.0   6.2649E-01
915.0   6.7836E-01
916.0   5.7646E-01
917.0   7.3017E-01
918.0   5.9271E-01
919.0   7.3877E-01
920.0   7.4414E-01
921.0   7.8049E-01
922.0   7.0026E-01
923.0   7.4504E-01
924.0   7.2150E-01
925.0   7.1110E-01
926.0   7.0331E-01
927.0   7.8742E-01
928.0   5.8968E-01
929.0   5.5127E-01
930.0   4.3210E-01
931.0   4.0921E-01
932.0   3.0086E-01
933.0   2.4841E-01
934.0   1.4380E-01
935.0   2.5084E-01
936.0   1.6142E-01
937.0   1.6338E-01
938.0   2.0058E-01
939.0   3.9887E-01
940.0   4.7181E-01
941.0   3.7195E-01
942.0   4.0532E-01
943.0   2.7834E-01
944.0   2.8579E-01
945.0   3.6821E-01
946.0   1.9461E-01
947.0   3.7112E-01
948.0   2.7423E-01
949.0   4.9396E-01
950.0   1.4726E-01
951.0   4.8378E-01
952.0   2.6891E-01
953.0   3.4362E-01
954.0   4.2411E-01
955.0   3.4117E-01
956.0   3.2821E-01
957.0   2.7067E-01
958.0   4.6101E-01
959.0   3.7385E-01
960.0   4.2066E-01
961.0   4.6120E-01
962.0   4.4174E-01
963.0   5.0503E-01
964.0   4.5860E-01
965.0   5.0374E-01
966.0   5.0275E-01
967.0   5.0240E-01
968.0   6.5210E-01
969.0   6.8622E-01
970.0   6.3461E-01
971.0   7.1397E-01
972.0   6.8765E-01
973.0   6.0648E-01
974.0   5.7529E-01
975.0   5.8987E-01
976.0   5.7191E-01
977.0   6.3864E-01
978.0   6.1509E-01
979.0   6.3815E-01
980.0   6.0468E-01
981.0   7.1338E-01
982.0   6.9218E-01
983.0   6.6865E-01
984.0   7.3732E-01
985.0   6.8817E-01
986.0   7.5083E-01
987.0   7.3928E-01
988.0   7.3462E-01
989.0   7.4906E-01
990.0   7.3227E-01
991.0   7.5358E-01
992.0   7.5102E-01
993.0   7.3728E-01
994.0   7.5410E-01
995.0   7.5176E-01
996.0   7.4884E-01
997.0   7.3971E-01
998.0   7.3887E-01
999.0   7.3857E-01
1000.0  7.3532E-01
1001.0  7.4442E-01
1002.0  7.2805E-01
1003.0  7.3442E-01
1004.0  7.2336E-01
1005.0  6.8174E-01
1006.0  7.1252E-01
1007.0  7.2753E-01
1008.0  7.2685E-01
1009.0  7.1972E-01
1010.0  7.1914E-01
1011.0  7.2278E-01
1012.0  7.1877E-01
1013.0  7.1761E-01
1014.0  7.2068E-01
1015.0  7.0817E-01
1016.0  7.1129E-01
1017.0  7.0337E-01
1018.0  7.1422E-01
1019.0  6.8878E-01
1020.0  6.9896E-01
1021.0  7.0175E-01
1022.0  6.8970E-01
1023.0  6.9508E-01
1024.0  6.9058E-01
1025.0  6.9753E-01
1026.0  6.9636E-01
1027.0  6.9305E-01
1028.0  6.9385E-01
1029.0  6.8628E-01
1030.0  6.9055E-01
1031.0  6.8736E-01
1032.0  6.8787E-01
1033.0  6.7613E-01
1034.0  6.8015E-01
1035.0  6.8234E-01
1036.0  6.8202E-01
1037.0  6.7497E-01
1038.0  6.7172E-01
1039.0  6.7636E-01
1040.0  6.7170E-01
1041.0  6.7176E-01
1042.0  6.7200E-01
1043.0  6.6525E-01
1044.0  6.6833E-01
1045.0  6.6452E-01
1046.0  6.4714E-01
1047.0  6.5694E-01
1048.0  6.6274E-01
1049.0  6.5896E-01
1050.0  6.5463E-01
1051.0  6.5521E-01
1052.0  6.5118E-01
1053.0  6.4919E-01
1054.0  6.4646E-01
1055.0  6.4847E-01
1056.0  6.4641E-01
1057.0  6.4482E-01
1058.0  6.3818E-01
1059.0  6.1875E-01
1060.0  6.3585E-01
1061.0  6.2121E-01
1062.0  6.3266E-01
1063.0  6.2239E-01
1064.0  6.3196E-01
1065.0  6.2913E-01
1066.0  6.1713E-01
1067.0  6.2032E-01
1068.0  6.1944E-01
1069.0  5.8626E-01
1070.0  6.0469E-01
1071.0  6.1661E-01
1072.0  6.1536E-01
1073.0  6.0363E-01
1074.0  6.2158E-01
1075.0  5.9252E-01
1076.0  6.1471E-01
1077.0  6.0434E-01
1078.0  6.0321E-01
1079.0  6.0474E-01
1080.0  5.9722E-01
1081.0  5.8083E-01
1082.0  5.8940E-01
1083.0  5.9814E-01
1084.0  5.7852E-01
1085.0  5.9330E-01
1086.0  5.5410E-01
1087.0  5.6697E-01
1088.0  5.9317E-01
1089.0  5.7919E-01
1090.0  5.5573E-01
1091.0  5.8835E-01
1092.0  5.8124E-01
1093.0  5.1058E-01
1094.0  5.3965E-01
1095.0  5.2067E-01
1096.0  5.0323E-01
1097.0  5.7852E-01
1098.0  5.0291E-01
1099.0  5.0772E-01
1100.0  4.8577E-01
1101.0  4.9696E-01
1102.0  4.6883E-01
1103.0  4.6637E-01
1104.0  4.6765E-01
1105.0  5.0644E-01
1106.0  3.9792E-01
1107.0  4.8304E-01
1108.0  4.1565E-01
1109.0  4.1278E-01
1110.0  4.7899E-01
1111.0  3.3154E-01
1112.0  4.1357E-01
1113.0  2.6850E-01
1114.0  2.9985E-01
1115.0  2.4987E-01
1116.0  2.0136E-01
1117.0  7.9618E-02
1118.0  2.1753E-01
1119.0  1.1317E-01
1120.0  1.4189E-01
1121.0  1.8586E-01
1122.0  8.1686E-02
1123.0  1.2817E-01
1124.0  1.0870E-01
1125.0  1.4428E-01
1126.0  5.1589E-02
1127.0  1.5725E-01
1128.0  9.9224E-02
1129.0  1.0591E-01
1130.0  7.0574E-02
1131.0  2.9560E-01
1132.0  2.3411E-01
1133.0  1.5331E-01
1134.0  4.1740E-02
1135.0  1.5462E-02
1136.0  1.2876E-01
1137.0  2.8785E-01
1138.0  2.0329E-01
1139.0  2.9850E-01
1140.0  2.5599E-01
1141.0  1.9337E-01
1142.0  2.2479E-01
1143.0  3.1183E-01
1144.0  1.1326E-01
1145.0  1.4604E-01
1146.0  1.5764E-01
1147.0  5.9176E-02
1148.0  2.7113E-01
1149.0  2.1854E-01
1150.0  1.2164E-01
1151.0  2.0340E-01
1152.0  2.4762E-01
1153.0  2.3812E-01
1154.0  1.4248E-01
1155.0  3.1316E-01
1156.0  2.8090E-01
1157.0  3.1458E-01
1158.0  3.1171E-01
1159.0  3.3693E-01
1160.0  2.8648E-01
1161.0  3.4753E-01
1162.0  3.5002E-01
1163.0  4.6857E-01
1164.0  4.0188E-01
1165.0  3.8860E-01
1166.0  3.7494E-01
1167.0  4.0996E-01
1168.0  4.1954E-01
1169.0  4.2310E-01
1170.0  4.5873E-01
1171.0  4.4831E-01
1172.0  4.5483E-01
1173.0  4.5642E-01
1174.0  3.3692E-01
1175.0  4.5240E-01
1176.0  4.7679E-01
1177.0  4.7235E-01
1178.0  3.6000E-01
1179.0  4.8371E-01
1180.0  4.4069E-01
1181.0  4.5514E-01
1182.0  3.2318E-01
1183.0  4.3870E-01
1184.0  4.1985E-01
1185.0  4.0741E-01
1186.0  4.7715E-01
1187.0  4.5575E-01
1188.0  3.3504E-01
1189.0  4.1569E-01
1190.0  4.6239E-01
1191.0  4.4660E-01
1192.0  4.7336E-01
1193.0  4.5434E-01
1194.0  4.6890E-01
1195.0  4.4696E-01
1196.0  4.3131E-01
1197.0  4.7715E-01
1198.0  4.3392E-01
1199.0  3.6489E-01
1200.0  4.4825E-01
1201.0  4.3708E-01
1202.0  4.3717E-01
1203.0  4.3409E-01
1204.0  3.6247E-01
1205.0  4.3692E-01
1206.0  4.8086E-01
1207.0  4.2986E-01
1208.0  4.3346E-01
1209.0  4.1428E-01
1210.0  4.5336E-01
1211.0  4.2232E-01
1212.0  4.2489E-01
1213.0  4.6956E-01
1214.0  4.3407E-01
1215.0  4.2780E-01
1216.0  4.6640E-01
1217.0  4.5528E-01
1218.0  4.5934E-01
1219.0  4.4663E-01
1220.0  4.5805E-01
1221.0  4.6531E-01
1222.0  4.5139E-01
1223.0  4.4406E-01
1224.0  4.4808E-01
1225.0  4.6236E-01
1226.0  4.6819E-01
1227.0  4.3304E-01
1228.0  4.6658E-01
1229.0  4.6721E-01
1230.0  4.6003E-01
1231.0  4.7203E-01
1232.0  4.6633E-01
1233.0  4.5397E-01
1234.0  4.7016E-01
1235.0  4.6504E-01
1236.0  4.6908E-01
1237.0  4.6339E-01
1238.0  4.6797E-01
1239.0  4.6272E-01
1240.0  4.6077E-01
1241.0  4.6197E-01
1242.0  4.6247E-01
1243.0  4.5754E-01
1244.0  4.5528E-01
1245.0  4.5655E-01
1246.0  4.5945E-01
1247.0  4.5746E-01
1248.0  4.5860E-01
1249.0  4.5966E-01
1250.0  4.5705E-01
1251.0  4.5258E-01
1252.0  4.5097E-01
1253.0  4.4773E-01
1254.0  4.4363E-01
1255.0  4.5070E-01
1256.0  4.4023E-01
1257.0  4.3532E-01
1258.0  4.4496E-01
1259.0  4.2725E-01
1260.0  4.3110E-01
1261.0  4.1146E-01
1262.0  3.9567E-01
1263.0  4.0019E-01
1264.0  3.7148E-01
1265.0  3.9570E-01
1266.0  3.8527E-01
1267.0  3.8822E-01
1268.0  3.7051E-01
1269.0  2.4652E-01
1270.0  3.8744E-01
1271.0  4.0825E-01
1272.0  4.0879E-01
1273.0  4.0625E-01
1274.0  4.0614E-01
1275.0  4.1233E-01
1276.0  4.1693E-01
1277.0  4.2001E-01
1278.0  4.2763E-01
1279.0  4.2456E-01
1280.0  4.2204E-01
1281.0  4.1335E-01
1282.0  3.7305E-01
1283.0  4.0733E-01
1284.0  4.2078E-01
1285.0  4.2399E-01
1286.0  4.2714E-01
1287.0  4.2213E-01
1288.0  4.1989E-01
1289.0  4.0936E-01
1290.0  4.1285E-01
1291.0  4.1786E-01
1292.0  3.9618E-01
1293.0  4.1257E-01
1294.0  4.0421E-01
1295.0  4.0514E-01
1296.0  3.8957E-01
1297.0  3.7130E-01
1298.0  3.9183E-01
1299.0  4.0852E-01
1300.0  3.5312E-01
1301.0  3.6228E-01
1302.0  3.9181E-01
1303.0  3.4621E-01
1304.0  3.0062E-01
1305.0  3.8382E-01
1306.0  3.8453E-01
1307.0  3.0594E-01
1308.0  3.4696E-01
1309.0  3.8413E-01
1310.0  3.0114E-01
1311.0  3.3366E-01
1312.0  3.3337E-01
1313.0  3.1352E-01
1314.0  2.8833E-01
1315.0  2.8581E-01
1316.0  3.2419E-01
1317.0  3.1217E-01
1318.0  3.3328E-01
1319.0  2.6855E-01
1320.0  2.5872E-01
1321.0  2.9866E-01
1322.0  3.0217E-01
1323.0  2.3279E-01
1324.0  2.6249E-01
1325.0  3.2224E-01
1326.0  2.8051E-01
1327.0  2.6625E-01
1328.0  2.3450E-01
1329.0  1.7759E-01
1330.0  2.2923E-01
1331.0  1.4480E-01
1332.0  1.4579E-01
1333.0  2.0304E-01
1334.0  1.6925E-01
1335.0  2.3117E-01
1336.0  1.8348E-01
1337.0  1.6454E-01
1338.0  1.7804E-01
1339.0  1.7681E-01
1340.0  1.6831E-01
1341.0  1.7039E-01
1342.0  1.7798E-01
1343.0  1.2711E-01
1344.0  7.5645E-02
1345.0  1.0904E-01
1346.0  5.8186E-02
1347.0  6.0119E-02
1348.0  4.7451E-03
1349.0  1.6159E-02
1350.0  1.6025E-02
1351.0  4.6298E-03
1352.0  1.5164E-03
1353.0  9.6096E-05
1354.0  2.9009E-04
1355.0  3.6034E-06
1356.0  4.8070E-05
1357.0  7.1786E-05
1358.0  4.1948E-06
1359.0  7.3439E-07
1360.0  2.1404E-06
1361.0  4.8133E-09
1362.0  1.8076E-11
1363.0  3.1563E-06
1364.0  1.3589E-06
1365.0  9.0764E-12
1366.0  1.2791E-05
1367.0  4.9764E-06
1368.0  1.4810E-13
1369.0  5.1667E-07
1370.0  2.9200E-07
1371.0  1.9731E-08
1372.0  2.7498E-06
1373.0  4.4401E-05
1374.0  1.7917E-04
1375.0  3.2332E-04
1376.0  2.5748E-04
1377.0  1.2270E-04
1378.0  1.1089E-03
1379.0  5.2164E-05
1380.0  8.1587E-05
1381.0  2.3716E-06
1382.0  2.5672E-06
1383.0  4.4017E-08
1384.0  6.1689E-07
1385.0  2.0899E-06
1386.0  2.5215E-06
1387.0  1.9896E-04
1388.0  4.0262E-06
1389.0  5.8098E-04
1390.0  4.9328E-04
1391.0  3.4384E-04
1392.0  2.3782E-05
1393.0  1.1586E-04
1394.0  7.5526E-05
1395.0  6.7136E-07
1396.0  6.3215E-09
1397.0  4.9057E-05
1398.0  1.2704E-03
1399.0  8.1226E-04
1400.0  3.2466E-09
1401.0  1.0528E-08
1402.0  1.8353E-03
1403.0  2.3800E-03
1404.0  7.3892E-04
1405.0  3.6444E-07
1406.0  2.0448E-03
1407.0  1.7457E-04
1408.0  1.6493E-03
1409.0  6.1919E-04
1410.0  4.6653E-04
1411.0  2.1142E-03
1412.0  2.6396E-03
1413.0  2.3353E-02
1414.0  3.6378E-04
1415.0  1.8366E-04
1416.0  3.5565E-02
1417.0  1.1759E-02
1418.0  1.3559E-02
1419.0  2.1442E-03
1420.0  8.2718E-03
1421.0  9.1637E-03
1422.0  4.6314E-02
1423.0  9.2198E-03
1424.0  1.6975E-02
1425.0  2.5850E-02
1426.0  2.7792E-02
1427.0  4.9546E-02
1428.0  4.5588E-03
1429.0  3.8020E-02
1430.0  6.1601E-02
1431.0  5.0156E-02
1432.0  2.5194E-03
1433.0  3.5834E-02
1434.0  2.0962E-02
1435.0  2.1416E-02
1436.0  3.8351E-02
1437.0  2.9880E-02
1438.0  1.3263E-02
1439.0  5.1039E-02
1440.0  3.9601E-02
1441.0  3.1800E-02
1442.0  3.6317E-02
1443.0  4.5063E-02
1444.0  6.1791E-02
1445.0  4.9751E-02
1446.0  2.3095E-02
1447.0  3.6215E-02
1448.0  1.1569E-01
1449.0  1.0213E-01
1450.0  2.7412E-02
1451.0  1.1271E-02
1452.0  6.2361E-02
1453.0  8.1978E-02
1454.0  1.3759E-01
1455.0  6.6150E-02
1456.0  8.8509E-02
1457.0  1.1700E-01
1458.0  1.3643E-01
1459.0  1.6307E-01
1460.0  8.5421E-02
1461.0  9.0276E-02
1462.0  1.3060E-01
1463.0  4.3225E-02
1464.0  1.5184E-01
1465.0  9.3383E-02
1466.0  6.5197E-02
1467.0  3.6054E-02
1468.0  7.6942E-02
1469.0  9.4845E-02
1470.0  4.9678E-02
1471.0  1.7848E-02
1472.0  4.6771E-02
1473.0  7.0198E-02
1474.0  9.7339E-02
1475.0  1.8463E-01
1476.0  6.8778E-02
1477.0  6.9736E-02
1478.0  6.3480E-02
1479.0  1.2001E-01
1480.0  6.0637E-02
1481.0  1.1529E-01
1482.0  5.8490E-02
1483.0  1.4859E-01
1484.0  1.3747E-01
1485.0  1.2503E-01
1486.0  1.2340E-01
1487.0  6.0629E-02
1488.0  9.4180E-02
1489.0  1.8973E-01
1490.0  1.7478E-01
1491.0  1.9778E-01
1492.0  1.6441E-01
1493.0  1.8157E-01
1494.0  2.0367E-01
1495.0  1.8253E-01
1496.0  1.6852E-01
1497.0  2.2850E-01
1498.0  1.8968E-01
1499.0  2.1759E-01
1500.0  2.5061E-01
1501.0  2.6552E-01
1502.0  2.3356E-01
1503.0  1.8493E-01
1504.0  1.6029E-01
1505.0  1.8402E-01
1506.0  2.5773E-01
1507.0  2.5514E-01
1508.0  2.4302E-01
1509.0  1.8690E-01
1510.0  2.7052E-01
1511.0  2.6474E-01
1512.0  2.6068E-01
1513.0  2.4239E-01
1514.0  2.2571E-01
1515.0  2.6573E-01
1516.0  2.5683E-01
1517.0  2.4929E-01
1518.0  2.5211E-01
1519.0  2.4437E-01
1520.0  2.6450E-01
1521.0  2.7505E-01
1522.0  2.6378E-01
1523.0  2.8004E-01
1524.0  2.7539E-01
1525.0  2.5884E-01
1526.0  2.6745E-01
1527.0  2.6220E-01
1528.0  2.7928E-01
1529.0  2.7244E-01
1530.0  2.5522E-01
1531.0  2.6973E-01
1532.0  2.7839E-01
1533.0  2.7714E-01
1534.0  2.6892E-01
1535.0  2.6686E-01
1536.0  2.7464E-01
1537.0  2.7336E-01
1538.0  2.7202E-01
1539.0  2.7295E-01
1540.0  2.6491E-01
1541.0  2.6904E-01
1542.0  2.6927E-01
1543.0  2.7208E-01
1544.0  2.7210E-01
1545.0  2.7705E-01
1546.0  2.7481E-01
1547.0  2.7309E-01
1548.0  2.6675E-01
1549.0  2.7342E-01
1550.0  2.6990E-01
1551.0  2.7058E-01
1552.0  2.7182E-01
1553.0  2.7132E-01
1554.0  2.6474E-01
1555.0  2.6759E-01
1556.0  2.6310E-01
1557.0  2.7062E-01
1558.0  2.6848E-01
1559.0  2.6808E-01
1560.0  2.6568E-01
1561.0  2.7002E-01
1562.0  2.6756E-01
1563.0  2.6667E-01
1564.0  2.6264E-01
1565.0  2.6728E-01
1566.0  2.6245E-01
1567.0  2.6308E-01
1568.0  2.5722E-01
1569.0  2.5452E-01
1570.0  2.4175E-01
1571.0  2.3507E-01
1572.0  2.3775E-01
1573.0  2.3407E-01
1574.0  2.4145E-01
1575.0  2.3974E-01
1576.0  2.4678E-01
1577.0  2.1602E-01
1578.0  2.3516E-01
1579.0  2.3672E-01
1580.0  2.4464E-01
1581.0  2.4870E-01
1582.0  2.4195E-01
1583.0  2.4755E-01
1584.0  2.4904E-01
1585.0  2.5874E-01
1586.0  2.5569E-01
1587.0  2.5303E-01
1588.0  2.5107E-01
1589.0  2.3233E-01
1590.0  2.4179E-01
1591.0  2.4197E-01
1592.0  2.5225E-01
1593.0  2.5833E-01
1594.0  2.5624E-01
1595.0  2.5823E-01
1596.0  2.4452E-01
1597.0  2.4692E-01
1598.0  2.5421E-01
1599.0  2.4202E-01
1600.0  2.3810E-01
1601.0  2.2323E-01
1602.0  2.2413E-01
1603.0  2.2397E-01
1604.0  2.2842E-01
1605.0  2.3683E-01
1606.0  2.4140E-01
1607.0  2.3296E-01
1608.0  2.2990E-01
1609.0  2.2727E-01
1610.0  2.1760E-01
1611.0  2.2680E-01
1612.0  2.3076E-01
1613.0  2.3719E-01
1614.0  2.3838E-01
1615.0  2.4104E-01
1616.0  2.3050E-01
1617.0  2.3465E-01
1618.0  2.4352E-01
1619.0  2.4100E-01
1620.0  2.3449E-01
1621.0  2.3430E-01
1622.0  2.3754E-01
1623.0  2.4246E-01
1624.0  2.4269E-01
1625.0  2.3782E-01
1626.0  2.3971E-01
1627.0  2.4078E-01
1628.0  2.4126E-01
1629.0  2.4137E-01
1630.0  2.3651E-01
1631.0  2.3806E-01
1632.0  2.3821E-01
1633.0  2.3267E-01
1634.0  2.3282E-01
1635.0  2.3367E-01
1636.0  2.3539E-01
1637.0  2.2700E-01
1638.0  2.2007E-01
1639.0  2.2026E-01
1640.0  2.1511E-01
1641.0  2.1960E-01
1642.0  2.2082E-01
1643.0  2.1535E-01
1644.0  2.2355E-01
1645.0  2.1822E-01
1646.0  2.1749E-01
1647.0  2.2768E-01
1648.0  2.1655E-01
1649.0  2.1867E-01
1650.0  2.2526E-01
1651.0  2.0855E-01
1652.0  2.2373E-01
1653.0  2.2277E-01
1654.0  2.1583E-01
1655.0  2.2231E-01
1656.0  2.2101E-01
1657.0  2.2223E-01
1658.0  2.2487E-01
1659.0  2.2120E-01
1660.0  2.2332E-01
1661.0  2.2384E-01
1662.0  2.1908E-01
1663.0  2.2235E-01
1664.0  2.2098E-01
1665.0  2.1178E-01
1666.0  1.7884E-01
1667.0  2.1068E-01
1668.0  2.1459E-01
1669.0  2.1516E-01
1670.0  2.2168E-01
1671.0  2.1879E-01
1672.0  2.1147E-01
1673.0  2.1629E-01
1674.0  2.1575E-01
1675.0  2.1360E-01
1676.0  2.1145E-01
1677.0  2.1229E-01
1678.0  2.0915E-01
1679.0  2.1303E-01
1680.0  2.0558E-01
1681.0  1.9447E-01
1682.0  2.0366E-01
1683.0  2.0906E-01
1684.0  1.9797E-01
1685.0  2.1321E-01
1686.0  2.1026E-01
1687.0  2.0484E-01
1688.0  2.1013E-01
1689.0  2.0718E-01
1690.0  2.0523E-01
1691.0  1.9303E-01
1692.0  2.0708E-01
1693.0  2.1134E-01
1694.0  2.0477E-01
1695.0  2.0968E-01
1696.0  2.0922E-01
1697.0  1.8107E-01
1698.0  2.0739E-01
1699.0  2.0551E-01
1700.0  1.9975E-01
1702.0  2.0396E-01
1705.0  1.9778E-01
1710.0  1.8790E-01
1715.0  1.8965E-01
1720.0  1.8698E-01
1725.0  1.7808E-01
1730.0  1.7407E-01
1735.0  1.6154E-01
1740.0  1.6818E-01
1745.0  1.5481E-01
1750.0  1.6566E-01
1755.0  1.5301E-01
1760.0  1.5998E-01
1765.0  1.3284E-01
1770.0  1.4172E-01
1775.0  1.1484E-01
1780.0  1.0050E-01
1785.0  7.6981E-02
1790.0  8.8904E-02
1795.0  4.6931E-02
1800.0  3.1828E-02
1805.0  1.4815E-02
1810.0  9.6911E-03
1815.0  3.2816E-03
1820.0  9.8755E-04
1825.0  1.2744E-03
1830.0  5.2041E-06
1835.0  6.4190E-06
1840.0  6.2703E-08
1845.0  6.2658E-06
1850.0  2.9993E-06
1855.0  2.8396E-07
1860.0  1.1151E-05
1865.0  1.6982E-05
1870.0  2.6662E-10
1875.0  4.5130E-10
1880.0  7.7505E-05
1885.0  4.3890E-05
1890.0  2.2333E-04
1895.0  1.2947E-04
1900.0  8.6221E-07
1905.0  5.6667E-07
1910.0  2.3045E-05
1915.0  1.9947E-05
1920.0  4.5069E-04
1925.0  9.3615E-04
1930.0  5.5242E-04
1935.0  3.5935E-03
1940.0  3.2821E-03
1945.0  1.0863E-02
1950.0  1.6727E-02
1955.0  1.0036E-02
1960.0  2.1906E-02
1965.0  2.8563E-02
1970.0  4.8847E-02
1975.0  6.7857E-02
1980.0  7.5512E-02
1985.0  8.3063E-02
1990.0  8.5613E-02
1995.0  8.1190E-02
2000.0  3.8156E-02
2005.0  1.5001E-02
2010.0  3.9748E-02
2015.0  2.6648E-02
2020.0  4.4981E-02
2025.0  7.4010E-02
2030.0  8.4856E-02
2035.0  9.6386E-02
2040.0  8.9781E-02
2045.0  9.1074E-02
2050.0  6.7927E-02
2055.0  5.4906E-02
2060.0  6.9193E-02
2065.0  6.1875E-02
2070.0  6.5676E-02
2075.0  7.7443E-02
2080.0  8.6812E-02
2085.0  8.5102E-02
2090.0  8.9100E-02
2095.0  8.9747E-02
2100.0  8.6133E-02
2105.0  9.3153E-02
2110.0  8.9654E-02
2115.0  9.1673E-02
2120.0  8.7588E-02
2125.0  8.8632E-02
2130.0  8.9774E-02
2135.0  9.0044E-02
2140.0  9.0767E-02
2145.0  8.9486E-02
2150.0  8.4639E-02
2155.0  8.4840E-02
2160.0  8.4170E-02
2165.0  7.6310E-02
2170.0  8.1996E-02
2175.0  8.0448E-02
2180.0  8.1808E-02
2185.0  7.4550E-02
2190.0  7.9068E-02
2195.0  7.8992E-02
2200.0  7.1202E-02
2205.0  7.4010E-02
2210.0  7.9315E-02
2215.0  7.6273E-02
2220.0  7.7730E-02
2225.0  7.5453E-02
2230.0  7.5773E-02
2235.0  7.4299E-02
2240.0  7.3118E-02
2245.0  7.0838E-02
2250.0  7.1937E-02
2255.0  6.7690E-02
2260.0  6.6929E-02
2265.0  6.8137E-02
2270.0  6.4867E-02
2275.0  6.4021E-02
2280.0  6.6288E-02
2285.0  6.3080E-02
2290.0  6.3220E-02
2295.0  6.1265E-02
2300.0  5.8824E-02
2305.0  5.9171E-02
2310.0  6.3870E-02
2315.0  5.8141E-02
2320.0  5.2031E-02
2325.0  5.6215E-02
2330.0  5.6824E-02
2335.0  5.7967E-02
2340.0  4.5836E-02
2345.0  5.1400E-02
2350.0  4.1536E-02
2355.0  4.7473E-02
2360.0  5.0237E-02
2365.0  4.9409E-02
2370.0  3.0817E-02
2375.0  4.4147E-02
2380.0  4.2552E-02
2385.0  3.0826E-02
2390.0  3.7109E-02
2395.0  4.0594E-02
2400.0  4.4150E-02
2405.0  3.3599E-02
2410.0  3.3813E-02
2415.0  2.7300E-02
2420.0  2.6590E-02
2425.0  3.3078E-02
2430.0  4.5099E-02
2435.0  1.4878E-02
2440.0  4.3249E-02
2445.0  2.0798E-02
2450.0  1.3611E-02
2455.0  2.4853E-02
2460.0  3.3363E-02
2465.0  2.4148E-02
2470.0  1.6727E-02
2475.0  1.6455E-02
2480.0  8.0395E-03
2485.0  5.6102E-03
2490.0  3.5113E-03
2495.0  2.8772E-03
2500.0  7.0642E-03
2505.0  1.5191E-03
2510.0  2.2163E-03
2515.0  5.1880E-04
2520.0  3.7054E-04
2525.0  4.1393E-05
2530.0  6.3593E-07
2535.0  1.7502E-07
2540.0  3.7716E-07
2545.0  5.3758E-11
2550.0  2.8222E-13
2555.0  1.0435E-09
2560.0  3.1020E-11
2565.0  1.5955E-14
2570.0  1.5258E-18
2575.0  1.0786E-27
2580.0  3.8214E-22
2585.0  1.7194E-34
2590.0  5.4793E-31
2595.0  2.2838E-33
2600.0  4.4912E-28
2605.0  5.8053E-35
2610.0  5.9447E-34
2615.0  1.1196E-37
2620.0  5.6505E-29
2625.0  3.8687E-28
2630.0  2.8026E-45
2635.0  3.9027E-16
2640.0  1.1750E-16
2645.0  8.9988E-19
2650.0  1.4295E-19
2655.0  1.3133E-27
2660.0  2.6068E-25
2665.0  1.1123E-37
2670.0  0.0000E+00
2675.0  0.0000E+00
2680.0  0.0000E+00
2685.0  0.0000E+00
2690.0  1.0226E-29
2695.0  7.1284E-33
2700.0  0.0000E+00
2705.0  2.9315E-42
2710.0  1.1250E-35
2715.0  3.8557E-26
2720.0  5.6052E-45
2725.0  7.2935E-22
2730.0  6.0734E-19
2735.0  5.4888E-21
2740.0  2.3314E-27
2745.0  1.3146E-23
2750.0  1.6648E-28
2755.0  6.7262E-44
2760.0  0.0000E+00
2765.0  2.6777E-27
2770.0  8.3791E-24
2775.0  3.9990E-38
2780.0  4.8067E-34
2785.0  3.8866E-27
2790.0  1.2170E-16
2795.0  3.6205E-16
2800.0  1.6484E-12
2805.0  6.7478E-14
2810.0  4.0233E-10
2815.0  2.8685E-10
2820.0  2.0548E-11
2825.0  1.7605E-07
2830.0  3.9008E-06
2835.0  2.1276E-10
2840.0  1.9609E-07
2845.0  4.0575E-05
2850.0  1.1566E-06
2855.0  4.4867E-07
2860.0  2.5356E-05
2865.0  1.6763E-04
2870.0  6.3129E-06
2875.0  3.9170E-04
2880.0  2.4724E-04
2885.0  4.5332E-04
2890.0  1.8623E-04
2895.0  2.6643E-03
2900.0  8.1152E-04
2905.0  1.1096E-04
2910.0  2.7220E-03
2915.0  1.2581E-03
2920.0  2.8948E-03
2925.0  1.0835E-03
2930.0  5.8858E-03
2935.0  6.4903E-03
2940.0  1.6273E-03
2945.0  1.4489E-03
2950.0  5.2276E-03
2955.0  2.3361E-03
2960.0  4.5971E-03
2965.0  7.4379E-03
2970.0  3.5233E-04
2975.0  8.5429E-04
2980.0  1.3381E-03
2985.0  6.9628E-03
2990.0  1.0280E-02
2995.0  4.2755E-03
3000.0  7.8472E-03
3005.0  2.8906E-03
3010.0  6.8479E-03
3015.0  5.5551E-03
3020.0  6.3369E-04
3025.0  7.5031E-03
3030.0  6.0753E-03
3035.0  2.4986E-03
3040.0  2.0242E-03
3045.0  4.2090E-03
3050.0  1.0321E-03
3055.0  2.8947E-04
3060.0  6.3012E-03
3065.0  2.9113E-03
3070.0  1.7492E-03
3075.0  6.0221E-03
3080.0  3.6224E-03
3085.0  1.7671E-03
3090.0  2.3805E-03
3095.0  6.5510E-04
3100.0  4.4010E-03
3105.0  9.2155E-04
3110.0  8.4569E-04
3115.0  2.2677E-03
3120.0  9.8197E-03
3125.0  3.0289E-03
3130.0  5.7614E-03
3135.0  1.1446E-02
3140.0  3.3241E-03
3145.0  3.2517E-03
3150.0  6.6744E-03
3155.0  5.6366E-03
3160.0  9.2320E-03
3165.0  1.4017E-02
3170.0  1.2516E-02
3175.0  9.2302E-03
3180.0  1.0621E-02
3185.0  8.0823E-03
3190.0  4.2388E-03
3195.0  2.6927E-03
3200.0  4.3843E-04
3205.0  3.0973E-04
3210.0  1.3634E-04
3215.0  4.9752E-04
3220.0  1.6089E-03
3225.0  1.9875E-04
3230.0  3.4080E-04
3235.0  7.2940E-03
3240.0  3.7464E-03
3245.0  7.3409E-04
3250.0  2.6067E-03
3255.0  9.9378E-03
3260.0  1.2248E-03
3265.0  2.4465E-03
3270.0  1.2186E-03
3275.0  5.9265E-03
3280.0  2.8644E-03
3285.0  1.1128E-02
3290.0  8.7571E-03
3295.0  1.2234E-03
3300.0  1.7794E-03
3305.0  3.9416E-03
3310.0  3.9235E-03
3315.0  1.6133E-05
3320.0  5.9987E-05
3325.0  3.5187E-03
3330.0  4.6616E-03
3335.0  9.0694E-03
3340.0  3.4602E-03
3345.0  3.5408E-03
3350.0  8.0277E-03
3355.0  3.6308E-03
3360.0  5.2402E-03
3365.0  7.1907E-03
3370.0  3.9389E-03
3375.0  8.4560E-03
3380.0  5.1115E-03
3385.0  7.4896E-03
3390.0  9.8552E-03
3395.0  9.5465E-03
3400.0  1.2509E-02
3405.0  4.4594E-03
3410.0  7.0802E-03
3415.0  7.2774E-03
3420.0  1.3165E-02
3425.0  1.0006E-02
3430.0  8.6892E-03
3435.0  1.1553E-02
3440.0  8.0348E-03
3445.0  1.1318E-02
3450.0  1.1153E-02
3455.0  8.3089E-03
3460.0  1.2530E-02
3465.0  9.8179E-03
3470.0  1.2264E-02
3475.0  1.0943E-02
3480.0  1.1224E-02
3485.0  1.2094E-02
3490.0  1.0419E-02
3495.0  1.2265E-02
3500.0  1.1917E-02
3505.0  1.1809E-02
3510.0  1.1963E-02
3515.0  1.1494E-02
3520.0  1.2122E-02
3525.0  1.1428E-02
3530.0  1.1127E-02
3535.0  9.4556E-03
3540.0  9.0310E-03
3545.0  9.5432E-03
3550.0  1.0538E-02
3555.0  9.0581E-03
3560.0  1.0795E-02
3565.0  1.0851E-02
3570.0  8.3376E-03
3575.0  8.6444E-03
3580.0  1.0187E-02
3585.0  9.1671E-03
3590.0  9.4523E-03
3595.0  9.6700E-03
3600.0  1.0262E-02
3605.0  1.0359E-02
3610.0  9.4787E-03
3615.0  9.4726E-03
3620.0  1.1614E-02
3625.0  1.0239E-02
3630.0  9.9550E-03
3635.0  1.0299E-02
3640.0  1.1480E-02
3645.0  1.0599E-02
3650.0  1.0123E-02
3655.0  1.0978E-02
3660.0  1.0914E-02
3665.0  1.0253E-02
3670.0  7.9003E-03
3675.0  4.8286E-03
3680.0  8.3312E-03
3685.0  9.4380E-03
3690.0  9.6922E-03
3695.0  1.0132E-02
3700.0  1.0878E-02
3705.0  1.0770E-02
3710.0  9.3640E-03
3715.0  9.2254E-03
3720.0  1.0376E-02
3725.0  1.0698E-02
3730.0  9.2707E-03
3735.0  8.5837E-03
3740.0  8.8494E-03
3745.0  1.0331E-02
3750.0  9.2903E-03
3755.0  8.9918E-03
3760.0  8.8633E-03
3765.0  8.5502E-03
3770.0  9.1243E-03
3775.0  9.0521E-03
3780.0  9.5746E-03
3785.0  8.8123E-03
3790.0  7.7564E-03
3795.0  8.8692E-03
3800.0  9.8592E-03
3805.0  9.3049E-03
3810.0  8.2451E-03
3815.0  7.7569E-03
3820.0  9.6550E-03
3825.0  9.5056E-03
3830.0  9.5925E-03
3835.0  7.6916E-03
3840.0  8.9756E-03
3845.0  8.7801E-03
3850.0  8.8274E-03
3855.0  8.5085E-03
3860.0  7.9940E-03
3865.0  8.0989E-03
3870.0  7.3604E-03
3875.0  6.7620E-03
3880.0  6.5340E-03
3885.0  6.7717E-03
3890.0  6.8818E-03
3895.0  7.4760E-03
3900.0  7.9254E-03
3905.0  7.9269E-03
3910.0  7.1353E-03
3915.0  6.9868E-03
3920.0  6.9466E-03
3925.0  6.8520E-03
3930.0  7.0502E-03
3935.0  7.3541E-03
3940.0  7.4027E-03
3945.0  7.5412E-03
3950.0  7.6277E-03
3955.0  7.7199E-03
3960.0  7.7482E-03
3965.0  7.8057E-03
3970.0  7.6806E-03
3975.0  7.5097E-03
3980.0  7.3872E-03
3985.0  7.4327E-03
3990.0  7.3723E-03
3995.0  7.2100E-03
4000.0  7.1043E-03
