Sym At.No. Mass Coval VDW   Ionic
Ac 89  227.03  1.88  2.81   1.260
Ag 47  107.87  1.59  2.37   1.290
Al 13   26.98  1.35  2.05   0.675
Am 95  243.00  1.51  2.25   1.350
Ar 18   39.95  0.00  0.00   0.000
As 33   74.92  1.21  2.20   0.720
At 85  210.00  0.00  0.00   0.760
Au 79  196.97  1.50  1.85   0.710
B  5    10.81  0.83  1.70   0.250
Ba 56  137.33  1.34  2.00   1.490
Be 4     9.01  0.35  0.52   0.590
Bi 83  208.98  1.54  2.30   1.170
Bk 97  247.00  0.00  0.00   0.970
Br 35   79.90  1.21  1.80   1.820
C  6    12.01  0.77  1.53   0.300
Ca 20   40.08  0.99  2.75   1.140
Cd 48  112.41  1.69  2.52   1.090
Ce 58  140.12  1.83  2.73   1.010
Cf 98  251.00  0.00  0.00   0.961
Cl 17   35.45  0.99  1.65   1.670
Cm 96  247.00  0.00  0.00   0.990
Co 27   58.93  1.33  1.99   0.790
Cr 24   52.00  1.35  2.01   0.755
Cs 55  132.91  1.67  2.49   1.810
Cu 29   63.55  1.52  1.54   0.870
Dy 66  162.50  1.75  2.61   1.052
Er 68  167.26  1.73  2.58   1.030
Es 99  252.00  0.00  0.00   0.000
Eu 63  151.97  1.99  2.97   1.087
F  9    19.00  0.71  1.30   1.190
Fe 26   55.85  1.34  2.00   0.690
Fm 100 257.00  0.00  0.00   0.000
Fr 87  223.00  0.00  0.00   1.940
Ga 31   69.72  1.22  1.82   0.760
Gd 64  157.25  1.79  2.67   1.078
Ge 32   72.61  1.17  1.75   0.670
H  1     1.01  0.37  1.08  -0.240
Ha 105 260.00  0.00  0.00   0.000
He 2     4.00  0.00  1.00   0.000
Hf 72  178.49  1.57  2.34   0.850
Hg 80  200.59  1.70  1.90   1.160
Ho 67  164.93  1.74  2.60   1.041
I  53  126.91  1.40  2.05   2.060
In 49  114.82  1.63  2.43   0.940
Ir 77  192.22  1.32  1.97   0.710
K  19   39.10  1.33  2.80   1.520
Kr 36   83.80  1.89  2.82   0.000
La 57  138.91  1.87  2.79   1.172
Li 3     6.94  0.68  1.80   0.900
Lr 103 260.00  0.00  0.00   0.000
Lu 71  174.97  1.72  2.57   1.001
Md 101 258.00  0.00  0.00   0.000
Mg 12   24.31  1.10  1.64   0.860
Mn 25   54.94  1.35  2.01   0.670
Mo 42   95.94  1.47  2.19   0.730
N  7    14.01  0.75  1.48   1.320
Na 11   22.99  0.97  2.30   1.160
Nb 41   92.91  1.48  2.21   0.780
Nd 60  144.24  1.81  2.70   1.123
Ne 10   20.18  0.00  0.00   0.000
Ni 28   58.69  1.50  1.81   0.830
No 102 259.00  0.00  1.24   1.240
Np 93  237.05  1.55  2.31   0.850
O  8    16.00  0.73  1.36   1.260
Os 76  190.20  1.37  2.04   0.530
P  15   30.97  1.05  1.75   0.310
Pa 91  231.04  1.61  2.40   0.920
Pb 82  207.20  1.54  2.30   1.330
Pd 46  106.42  1.50  2.24   0.755
Pm 61  145.00  1.80  2.69   1.110
Po 84  209.00  1.68  2.51   0.810
Pr 59  140.91  1.82  2.72   1.130
Pt 78  195.08  1.50  1.97   0.710
Pu 94  244.00  1.53  2.28   0.850
Ra 88  226.03  1.90  2.84   1.620
Rb 37   85.47  1.47  2.19   1.660
Re 75  186.21  1.35  2.01   0.670
Rf 104 261.00  0.00  0.00   0.000
Rh 45  102.91  1.45  2.16   0.690
Rn 86  222.00  0.00  0.00   0.000
Ru 44  101.07  1.40  2.09   0.705
S  16   32.07  1.02  1.70   1.700
Sb 51  121.75  1.46  2.17   0.740
Sc 21   44.96  1.44  2.15   0.885
Se 34   78.96  1.22  2.00   1.840
Si 14   28.09  1.20  2.10   0.400
Sm 62  150.36  1.80  2.69   1.098
Sn 50  118.71  1.46  2.18   0.830
Sr 38   87.62  1.12  1.67   1.320
Ta 73  180.95  1.43  2.13   0.780
Tb 65  158.93  1.76  2.63   1.063
Tc 43   98.00  1.35  2.01   0.700
Te 52  127.60  1.47  2.20   2.070
Th 90  232.04  1.79  2.67   0.000
Ti 22   47.88  1.47  2.19   0.745
Tl 81  204.38  1.55  2.31   1.025
Tm 69  168.93  1.72  2.57   1.020
U  92  238.03  1.58  2.36   1.030
V  23   50.94  1.33  1.99   0.680
W  74  183.85  1.37  2.04   0.650
Xe 54  131.29  0.00  0.00   0.000
Y  39   88.91  1.78  2.66   1.040
Yb 70  173.04  1.94  2.90   1.008
Zn 30   65.39  1.45  2.16   0.880
Zr 40   91.22  1.56  2.33   0.860
D  106   2.01  0.37  1.17  -0.240
