0.99 0.0 0.0
0.0 1.0 0.0
0.0 0.0 1.0
0.995 0.0 0.0
0.0 1.0 0.0
0.0 0.0 1.0
1.005 0.0 0.0
0.0 1.0 0.0
0.0 0.0 1.0
1.01 0.0 0.0
0.0 1.0 0.0
0.0 0.0 1.0
1.0 0.0 0.0
0.0 0.99 0.0
0.0 0.0 1.0
1.0 0.0 0.0
0.0 0.995 0.0
0.0 0.0 1.0
1.0 0.0 0.0
0.0 1.005 0.0
0.0 0.0 1.0
1.0 0.0 0.0
0.0 1.01 0.0
0.0 0.0 1.0
1.0 0.0 0.0
0.0 1.0 0.0
0.0 0.0 0.99
1.0 0.0 0.0
0.0 1.0 0.0
0.0 0.0 0.995
1.0 0.0 0.0
0.0 1.0 0.0
0.0 0.0 1.005
1.0 0.0 0.0
0.0 1.0 0.0
0.0 0.0 1.01
1.0 0.0 0.0
0.0 1.0 -0.004
0.0 0.0 1.0
1.0 0.0 0.0
0.0 1.0 -0.002
0.0 0.0 1.0
1.0 0.0 0.0
0.0 1.0 0.002
0.0 0.0 1.0
1.0 0.0 0.0
0.0 1.0 0.004
0.0 0.0 1.0
1.0 0.0 -0.004
0.0 1.0 0.0
0.0 0.0 1.0
1.0 0.0 -0.002
0.0 1.0 0.0
0.0 0.0 1.0
1.0 0.0 0.002
0.0 1.0 0.0
0.0 0.0 1.0
1.0 0.0 0.004
0.0 1.0 0.0
0.0 0.0 1.0
1.0 -0.004 0.0
0.0 1.0 0.0
0.0 0.0 1.0
1.0 -0.002 0.0
0.0 1.0 0.0
0.0 0.0 1.0
1.0 0.002 0.0
0.0 1.0 0.0
0.0 0.0 1.0
1.0 0.004 0.0
0.0 1.0 0.0
0.0 0.0 1.0
