64.08767085 0.0 0.0
0.0 31.82515501 0.0
0.0 0.0 26.14455284
31.40651534 0.0 0.0
0.0 15.54232035 0.0
0.0 0.0 12.81100574
-30.05608204 0.0 0.0
0.0 -15.18491411 0.0
0.0 0.0 -12.63525993
-58.77017178 0.0 0.0
0.0 -29.95165643 0.0
0.0 0.0 -25.07676682
31.99436887 0.0 0.0
0.0 64.0250638 0.0
0.0 0.0 25.96164645
15.61959583 0.0 0.0
0.0 31.32276991 0.0
0.0 0.0 12.80733509
-15.08797393 0.0 0.0
0.0 -30.15452813 0.0
0.0 0.0 -12.66656191
-29.71863688 0.0 0.0
0.0 -58.95753925 0.0
0.0 0.0 -25.075126
26.48352448 0.0 0.0
0.0 26.48352447 0.0
0.0 0.0 63.85462166
13.01547586 0.0 0.0
0.0 13.01547586 0.0
0.0 0.0 31.18248572
-12.48522837 0.0 0.0
0.0 -12.48522837 0.0
0.0 0.0 -30.11852457
-24.25111712 0.0 0.0
0.0 -24.25111712 0.0
0.0 0.0 -59.64945594
0.02759349 0.0 0.0
0.0 -0.02135742 5.49933577
0.0 5.49949628 -0.00225553
0.01500643 0.0 0.0
0.0 -0.01720538 2.75454327
0.0 2.75452164 0.00860392
0.0114587 0.0 0.0
0.0 -0.01793783 -2.75451304
0.0 -2.7545424 0.00859273
0.03101733 0.0 0.0
0.0 -0.0206046 -5.49895056
0.0 -5.49895043 0.00192496
-0.02216301 0.0 5.49699937
0.0 0.0478594 0.0
5.49701917 0.0 0.04214494
-0.0166255 0.0 2.75564399
0.0 0.02151096 0.0
2.75573786 0.0 0.01447003
-0.01642193 0.0 -2.75599699
0.0 0.02173741 0.0
-2.75605179 0.0 0.01428262
-0.02204404 0.0 -5.49695441
0.0 0.04782231 0.0
-5.49696633 0.0 0.04223742
-0.03250782 6.169511 0.0
6.1694734 0.05762629 0.0
0.0 0.0 -0.00207879
-0.02635622 3.10700566 0.0
3.10696125 -0.00928332 0.0
0.0 0.0 -0.01227915
-0.02619573 -3.10712717 0.0
-3.10718036 -0.0095179 0.0
0.0 0.0 -0.01241225
-0.03310747 -6.16985571 0.0
-6.16984144 0.05720415 0.0
0.0 0.0 -0.00307699
